index
79
8
60
127
86
100
87
109
96
81
57
30
66
117
64
98
76
77
0
72
119
50
36
10
70
84
124
28
56
13
110
118
4
75
62
21
67
102
12
16
15
89
17
65
35
63
1
3
74
33
7
27
54
52
2
34
49
43
55
14
82
121
83
25
44
99
69
32
95
53
114
104
38
71
97
73
51
123
92
19
61
6
90
9
101
45
111
41
113
5
29
122
88
68
94
78
31
22
112
40
80
48
18
115
125
126
23
11
106
37
103
20
85
116
26
58
47
107
24
59
120
46
91
93
105
42
39
108
